1985 1989 0.01817
1985 1990 0.02176
1989 1990 0.01049
1985 1993 0.03154
1989 1993 0.02064
1990 1993 0.01587
1985 1994 0.03220
1989 1994 0.02248
1990 1994 0.01768
1993 1994 0.00638
1985 1996 0.04226
1989 1996 0.03233
1990 1996 0.02681
1993 1996 0.01823
1994 1996 0.01994
1985 2000 0.05988
1989 2000 0.04978
1990 2000 0.04470
1993 2000 0.03745
1994 2000 0.03973
1996 2000 0.02933
1985 2001 0.06131
1989 2001 0.05106
1990 2001 0.04628
1993 2001 0.03901
1994 2001 0.04130
1996 2001 0.03182
2000 2001 0.01669
1985 2002 0.06407
1989 2002 0.05321
1990 2002 0.04872
1993 2002 0.04199
1994 2002 0.04428
1996 2002 0.03509
2000 2002 0.01969
2001 2002 0.01466
1985 2003 0.07543
1989 2003 0.06814
1990 2003 0.06288
1993 2003 0.05492
1994 2003 0.05746
1996 2003 0.04581
2000 2003 0.02651
2001 2003 0.03351
2002 2003 0.03512
1985 2004 0.07640
1989 2004 0.07030
1990 2004 0.06639
1993 2004 0.05781
1994 2004 0.06017
1996 2004 0.04964
2000 2004 0.03040
2001 2004 0.03711
2002 2004 0.03907
2003 2004 0.01209
1985 2005 0.07859
1989 2005 0.07255
1990 2005 0.06832
1993 2005 0.05974
1994 2005 0.06212
1996 2005 0.05263
2000 2005 0.03462
2001 2005 0.04056
2002 2005 0.04208
2003 2005 0.01610
2004 2005 0.00766
